     O     3.0204384556   -8.2219602263   -5.6694835284
     H     3.0313713565   -7.6368779624   -4.8641107614
     H     3.0697154737   -7.5680651844   -6.4205141783
     O     6.0861611013   -7.3503799316   -7.7078516212
     H     6.6263544038   -6.7185105156   -7.1600097674
     H     5.9778006945   -8.1338600314   -7.1008503784
     O     3.7034928933   -6.3468778667   -7.5800203136
     H     3.3248066173   -6.2560309137   -8.4758693510
     H     4.6565330315   -6.7395082735   -7.7170257102
     O     7.0473069148   -5.8182578903   -1.9789076938
     H     7.5435222892   -6.1780495618   -1.2188176802
     H     6.8359221402   -6.6073799651   -2.5697337706
     O     6.1271112126   -7.4745804988   -3.7902167287
     H     6.0402847417   -8.3006118081   -4.3447684856
     H     5.1734502344   -7.1094444790   -3.7565333443
     O     7.7843792074   -3.9442295996   -3.9220355168
     H     6.9423247950   -3.4207970317   -3.8706567596
     H     7.7038282665   -4.5443979390   -3.1357172399
     O     4.4439379329   -4.7519683707   -1.8265975610
     H     5.3597747623   -5.1128434860   -1.6977136543
     H     4.6123942739   -3.9590711251   -2.3992508471
     O     6.9484714054   -5.7228959903   -5.6919131374
     H     7.4405245433   -5.0159101235   -5.1491611174
     H     6.7243683150   -6.4120714349   -4.9949744636
     O     4.5566921859   -4.6210526802   -5.7193673280
     H     5.4990750922   -5.0110353811   -5.7800708052
     H     4.0933356750   -5.0087075654   -6.5146824443
     O     5.4274242425   -9.1724412826   -5.7385580407
     H     4.4328641737   -8.8710284967   -5.7042269986
     H     5.4044882412  -10.1452726825   -5.8240584739
     O     5.1612185231   -2.9218053543   -3.8189628537
     H     4.9279487012   -1.9806271007   -3.9339694632
     H     4.7971363531   -3.3982877558   -4.6295116288
     O     3.7405402274   -6.3605117022   -3.8051076806
     H     3.8205991407   -5.8084320814   -2.9535647292
     H     3.9582039278   -5.6864454965   -4.5187910697

     O     5.4254376102    1.3267645725   -1.4506937834
     H     5.4546061281    1.6022166329   -0.4902904519
     H     4.6150089335    0.7560818647   -1.4695089248
     O     2.5807730222    1.5484289354   -3.7489552642
     H     3.1574413103    2.3106044277   -3.4698577485
     H     1.6619372775    1.8893200622   -3.5934591504
     O     2.7148729738    0.3785708926   -1.3925764477
     H     2.4101738448    1.2417886984   -0.9720973940
     H     2.7050928246    0.6490122800   -2.3812681160
     O     4.9302802573    2.1074126922    1.1124592930
     H     4.3700251249    1.2440948144    1.2431031888
     H     5.6104797875    2.0788061421    1.8128649046
     O     3.5700911894    4.2202438755    0.0001396890
     H     3.9078179701    4.1137197195   -0.9314431717
     H     4.1224859336    3.5708493911    0.5164540048
     O    -0.0449667057   -0.0473544967   -1.2122799658
     H     0.9432855532   -0.1623421734   -1.3006393377
     H    -0.2054939994    0.7015780424   -1.8483556770
     O     1.5866514644    2.6651913270   -0.4817612143
     H     1.0397381152    2.3755203811    0.2962402035
     H     2.2986891302    3.3643943424   -0.2030621118
     O     0.1621275787    2.3173707716   -2.6289970186
     H     0.6761984572    2.6453798294   -1.8134293111
     H    -0.4616502332    3.0286628877   -2.8695068940
     O    -0.0890527746    1.1964222718    1.0566961532
     H    -1.0035309654    1.4455480927    1.2936645468
     H    -0.1589842452    0.6555226883    0.1724289608
     O     4.3094829871    3.3951639874   -2.5446335083
     H     4.8387097071    2.5956679464   -2.1569305086
     H     4.9516316095    3.8658985993   -3.1119093544
     O     1.3909133992   -0.4813716804    2.5714748390
     H     1.0388005046   -1.3554585911    2.3102318478
     H     0.7753642825    0.1634732755    2.1160641796
     O     3.6749390265   -0.1356505499    1.1835899007
     H     2.8504645889   -0.2687114468    1.7453464423
     H     3.3670897394   -0.2405511127    0.2511781048

     O     1.7685953433    1.4697860954    0.6035204675
     H     2.1313777892    0.5623561213    0.6076497804
     H     0.8807067218    1.4536918766    1.3110980708
     O    -1.3559747133    3.1585369703   -2.1446858608
     H    -0.3689314232    3.0593820436   -2.1234377926
     H    -1.4965869235    4.1414177783   -2.1266187473
     O    -1.4045797204    3.1841340267    0.4956415120
     H    -0.6351233026    3.8236668587    0.4611095812
     H    -1.5340501087    3.0033466078   -0.4983811895
     O     3.0299112281    3.4969278868    1.7014530811
     H     2.6512082057    2.6359624082    1.3111556506
     H     3.8113378938    3.2270584948    2.2223156147
     O     2.8155482883    4.8676643699   -0.6673821210
     H     2.4729147938    4.1012683288   -1.2004745818
     H     3.1247690316    4.4315305115    0.1707846625
     O    -2.7733565716    5.4623556816    1.1036917867
     H    -2.5205928040    4.5029714905    0.9679729383
     H    -2.5856395052    5.8179706865    0.1957469182
     O     0.3678522325    5.2525543267    0.1540677918
     H     0.2659489910    5.7238671187    1.0267634791
     H     1.3525772995    5.2123057915   -0.1213459444
     O    -1.6119842416    5.8611862914   -1.4269992377
     H    -0.7519489380    5.7498636373   -0.8946644787
     H    -1.4841782212    6.6575029202   -1.9775921104
     O    -0.6366445559    5.9951994997    2.4906023888
     H    -0.7262540970    6.8167375890    3.0098705658
     H    -1.5479415140    5.8474682500    2.0207077576
     O     1.4212778968    2.7026418559   -1.7279903929
     H     1.4830609045    2.1561600450   -0.8729249848
     H     1.7941865087    2.1202556580   -2.4190212330
     O     0.7584190637    3.7397254284    3.3694463777
     H     0.2081071093    4.5395331617    3.1564432699
     H     1.5822595757    3.8505636486    2.8303157371
     O    -0.1435048105    1.5647700785    2.1521737180
     H     0.1436964667    2.3404460795    2.7484044626
     H    -0.8020728561    2.0268950006    1.5418525829

     O     2.5240234038   -1.5490626102   -1.3957925030
     H     2.3378507740   -0.8239893662   -0.7437634508
     H     2.7474530249   -1.0514588814   -2.2305714353
     O     5.9760432884   -0.9181330893   -2.8260448558
     H     6.3579354549   -0.1582933928   -2.3044007911
     H     5.7404385757   -1.5747021117   -2.1131298852
     O     3.6273111162   -0.0541974087   -3.4421625899
     H     3.4673031299   -0.1636750334   -4.3995471711
     H     4.5934836651   -0.4148308164   -3.2748112752
     O     5.7509840426    2.0406948659    2.4503157319
     H     4.8110800568    2.3374147569    2.3648682922
     H     5.7074753119    1.1006598140    2.1430847611
     O     5.1831949243   -0.2447955609    0.9661704383
     H     5.2077335074   -1.1607198019    0.5743553052
     H     4.2459243543    0.0576721304    0.7615396481
     O     6.8148946297    3.3009387078    0.2920913786
     H     6.0079846919    3.8076440668    0.0338515437
     H     6.5355745775    2.8954106491    1.1725167823
     O     3.1355936719    2.9093558494    1.7221498615
     H     3.4448643049    3.5146805070    0.9789045170
     H     2.6147943605    3.4744490737    2.3249394101
     O     6.3122293301    1.1202913851   -1.0588979259
     H     6.6910064334    1.9681677684   -0.6225040428
     H     5.9800284884    0.5893402667   -0.2663573696
     O     3.9975622173    2.0169015700   -1.8092146543
     H     4.9439034390    1.6766465960   -1.5672931189
     H     3.7500501367    1.4672593344   -2.6079522162
     O     4.9081924878   -2.3436511319   -0.7243584724
     H     3.9314209080   -2.1062962944   -0.9680561600
     H     4.9193577528   -3.3125087491   -0.6003350137
     O     4.1550433084    4.1836236362   -0.4044251471
     H     3.9085289414    5.0357779075   -0.8119810440
     H     4.0120474784    3.4730698713   -1.1168229621
     O     2.7671789730    0.6902153689    0.1747689792
     H     2.5996657010    1.4046004307    0.8435229083
     H     3.1583333928    1.2034255377   -0.6015430097

     O    -0.4492328580    0.4271525394    3.5055150949
     H    -0.3563832480   -0.2537217442    4.1998305251
     H    -1.2003204794    0.0771322255    2.8757651455
     O     1.7580648456    0.3946010121   -0.5027633296
     H     1.8974137246    0.7929442930    0.4102169519
     H     1.7306547095    1.1758729998   -1.1079394064
     O    -0.7954946075    0.6257132874   -0.1286555348
     H    -0.6199506543    1.5385782664    0.2314209450
     H     0.1744182286    0.3248923024   -0.3143887092
     O    -1.4667390326    2.9073442733    3.8071129360
     H    -1.1247856704    1.9674472464    3.8841222100
     H    -2.1677305809    2.8268617788    3.1072955897
     O     0.6059392589    3.8721348955    2.6406428201
     H     0.8869685032    4.7092803688    3.0558366930
     H    -0.2301202242    3.5448346946    3.1680851866
     O    -1.7274818998    1.8961281533   -2.2890960067
     H    -1.4730613205    1.2092696479   -1.5939314805
     H    -0.8260017518    2.2631885767   -2.4931212410
     O    -0.2517789287    3.3471015907    0.2288069218
     H    -1.1657409195    3.6924532915    0.0455173002
     H     0.0747676778    3.6976058578    1.1161399327
     O     0.9372368134    2.6911123070   -2.0101738538
     H     0.6102910098    3.0854371619   -1.1385915180
     H     1.4903406052    3.3812703031   -2.4239520943
     O    -2.7950401699    3.4735604475   -0.5917026813
     H    -3.3345045931    4.1577962022   -1.0320022379
     H    -2.4259986813    2.8431942780   -1.3572848748
     O     1.7565082383    1.3568839166    2.0424643033
     H     1.5747781846    2.3008780083    2.2681221137
     H     1.0422528719    0.8850263297    2.5459325328
     O    -3.3443496065    2.3730385142    1.7881056360
     H    -4.2857192877    2.5208717863    2.0039557976
     H    -3.2193842759    2.7694949183    0.8674176685
     O    -2.3217514131   -0.2524526806    1.8728518176
     H    -2.8508815235    0.5858846520    1.8627290300
     H    -1.7659598961   -0.1286699547    1.0435138847
